.-41111 17811. 81

11444411411444 414 1’4444144441141 414 4441144144 4444 14 4444144114 4141414141·

’,4444 4444144444 4444441 14414141144444-41444 1444444144.
44444444. 1475. 4. ·

’ 11414411 414 Μ14444144 1441444111 444144444114414414444144141444

14 441, 44414· 44444414· 4 4111444144 441144144114 44414114 44441
4441 4444444144 444 144 14411444 4411444444 414. vor-444.
171512. ·

11414444, 014444411444444144 4414441144444144114444,44411-
4411444441444 44114, 4441444444 441144444444. 14441414 41
Ρ11.1175 ’ ·

1414 1141, Ant.. 1114444414 4414141444 444444 1’441444114144144,·444’-

3 4441441144 414441144411 414114 1141444114. Μ4414444, 11111. 8.

11411444 zur (1444114114 4144· 11144111414444441441 ‘m 114111444441414.

, 1114441. 1175. 8.

1’14444, 1414144, Febris 1114444441414144 4411444414414441
,41444144 per [4441444 1444114411 114141144414 4 4444444 144. ,444444 441
1144.4.1115444444411414441411414414. (4141. 444411144441. 4.
1.711 p. 232.)

1144444, 1414. 144, 1144 denen (141144141444, 4114 444 1114444114 141.
Aug. und 114 444114 51111441. Sept. 41. J. 1115 (iu 8414144144)
4414444411141444. (0414415414.41114444841144.11411.
p. 122.)

14414444444, 1144, Ι414 dysenteria 14144414441414441111
4411444144. ’144444411154 5 ²

1144111,.1.11.,1414414141141’144111141111114141184444414114.

11111144441ς11. 1.,’.11144 (1411144144 4414411· 44114441444141

17,15 4444144[1411144444114441,1411414444ιι 11144444417711. 4.

8411414441,11144.41415151114441141111115.1144114441441141

414114.- 1775

775 178..
1114144,111441.,11444411114114444141414441144441115, 111, 11,
184111). 11441141. 1181.’θ

 

