111 11111.

1111111111, 111.. 1111111111. 111 11 11111111111111111111 1111111111.

(1111111,1800. .
1111111111, 1111111111111111111111 1111111111111111111111111111101-
1111 y pueblos 111111111111111111111111 (11111111 1800. (111111, 1801.
111111, 1111 11111111111111 &piamque 111 0111111111. Nautes, 111111.

1111111111111111 111111, 1111511111, methodos 1111111111] 11111111

circumstantias, relativas 1 11 enrermedad maligna contagiosa
11011111800. cadiz, 1800.

1111111111, 1). Ρ. Μ.. 111111 1111 111111· 11111111 1800 111 codix.
Α. 11. 81111. von W. H. Liden-Bo'rges.' 1111111805. 8. Ι

1111111111, Mig, 1111111111 111 111111111111111111111111111 [111 11
11111111111111111 Ι111 011111 111 111111111111111800. cadiz, 1801.

Salgad0.-Juan 11111, 111111111111 111111111 11 1111111111, que

regua 111 1111111111 11111111 111ι 1111111 111 1111111111 11111111 11111.
111. 111111111, 1800. 4. '

,Μ111111111 1111111111 11 11111111 1111111111 11 1111111111 111 8111111111-
{igion 11 11111111111111. Smilla, 1800.

’ 8111111111 11111 1111111, 1111111111111111 111111111111111111
1118111111 1800.

11111111. 111, 1111111111111111111 11111 1111111111 qui 1113111 111111
1111111111111 111 1800 111. Μ1111ρ111. 1802.

11111111, 11111.. ’1111111111 the 11111111, 1115111111 progressos

the yellow 111111 particularly 1111 11111111111111118111111.
11111. 1800. 8.

6111111, Ι11111111 0111111111, J., 111111 111111 011111111111111111-
111111 1111 origin, progress 11111 11111111 11 1111111111 - 11 1111-
111111111 111. 1111. , ‘

11111111, 8111111111111111115111111111111111 1101111111111111. 1800.

’ 111111111111111111111111 medicine· 11 1111 1111111111 1111111. Μ11·
1111. 1111111111 11 1111 1111111111111111111111111111. (1111111111.
1111. 1. 111. 11111. 1801.) ’

1111111, 111111, 01111111111111111 1111 origin 11111111111111111111111
1111111111 rever 111 Ρ111111111111111 11111 upon 1111 1111111111 [11111111-
tingit 111. 1111111111111111, 1800.

1111111, 111111, 81111111 11111111 11 11111111111111 1111111111111111·

 

